artist
Q18960277
Q691392
Q2714779
