artist
Q3768238
