artist
Q72435
Q582350
Q240170
Q518575
Q106192724
Q927728
Q933405
Q913723
Q915915
Q1001169
Q1993349
Q1272984
Q1720198
Q1763409
Q2604478
Q2429382
Q2462076
Q3636873
Q3567520
Q5210074
Q5072821
Q5245139
Q4917077
Q5425409
Q5382953
Q6091271
Q6410737
Q7034048
Q6787601
Q6815308
Q7072741
Q6880639
Q6888099
Q7397777
Q7563701
Q8059450
Q12871777
Q12871830
Q12877127
Q16961627
Q16962274
Q17711874
Q22807467
Q28056531
Q25056695
Q42302299
Q49772699
Q77082649
Q1657070
Q2032815
Q2349726
Q6011037
Q938889
Q18516871
Q16330399
Q92639
Q718484
Q455258
Q1525608
Q1236424
Q1254772
Q1355279
Q1785157
Q2363489
Q1930474
Q2860868
Q3265073
Q3699059
Q3375380
Q3147213
Q6848440
Q7781284
Q12872225
Q12874025
Q12875918
Q12877815
Q12880386
Q12880983
Q12881727
Q12885969
Q12886190
Q14912094
Q16643218
Q16680477
Q16061926
Q16061931
Q16332984
Q26703540
Q29049139
Q51231708
Q54932782
Q55106379
Q55348650
Q62103241
Q60695257
Q64667824
Q61043611
Q61060758
Q65031608
Q61936030
Q85328663
Q85852833
Q86072772
Q65274489
Q88406669
Q67132208
Q95207158
Q79425096
Q93738471
Q95376598
Q96097062
Q96607817
Q97656757
Q101246401
Q101247263
Q105085157
Q105093520
Q105093709
Q105094004
Q105094049
Q105102389
Q105116829
Q105305296
Q105305990
Q105306278
Q105316707
