artist
Q466370
Q456058
Q634929
Q1026652
Q1853822
Q1611056
Q2840341
Q16253231
Q18578352
Q36677262
Q36323684
Q48729182
Q42299127
Q43869204
Q71168083
Q5658520
Q1801255
Q3288740
Q4888207
Q4572658
Q7046201
Q7822720
Q106005455
Q104386582
