artist
Q1470472
Q5699101
Q626457
Q3837927
