artist
Q30048802
