artist
Q1093919
Q16599114
