artist
Q28549860
