artist
Q1280980
