artist
Q967709
Q12784715
Q19932872
Q20522883
Q24804823
Q47530540
Q992897
Q20202048
Q106240216
Q106367440
