artist
Q7719600
