artist
Q2302318
